100 100
28 84 57 13 59 81 30 41 80 29 16 78 36 3 28 67 94 11 7 3 69 41 37 42 1 92 64 89 91 93 52 76 97 83 20 86 59 61 65 21 6 15 7 40 26 24 4 75 78 65 82 47 20 98 52 80 16 73 15 60 78 29 91 12 50 82 20 60 49 13 64 81 67 45 52 27 15 64 21 20 46 56 96 70 39 95 12 74 81 17 48 100 61 9 66 91 81 65 29 83
71 51 10 0 64 1 87 78 65 59 52 85 30 29 45 17 88 36 26 76 34 92 85 42 92 97 96 43 3 97 98 46 25 77 7 15 23 58 80 93 19 50 94 27 15 38 38 66 92 65 52 8 76 35 41 51 16 68 46 58 49 83 73 65 41 63 24 89 37 11 23 12 7 92 27 34 62 94 29 29 35 58 74 71 6 79 71 94 96 12 79 18 27 68 58 88 90 36 13 43
77 80 70 64 2 87 68 73 70 85 63 99 65 23 55 92 36 27 14 53 92 4 78 6 23 17 63 32 43 94 15 2 78 68 39 67 70 1 43 86 5 95 64 63 12 66 68 49 41 34 22 24 22 82 24 90 27 32 45 90 71 64 86 60 93 7 63 81 54 49 71 77 18 0 100 42 13 11 18 5 82 53 75 29 3 86 87 69 89 97 46 26 57 22 25 78 72 92 38 15
33 0 32 72 31 59 43 51 45 66 3 67 92 39 91 51 52 35 56 86 56 35 53 81 39 5 80 58 21 25 16 58 58 45 52 25 73 96 20 94 60 93 74 32 97 86 77 69 29 17 69 34 89 94 70 81 28 12 61 13 20 8 35 26 46 49 42 0 95 98 36 53 35 97 32 1 84 9 14 66 19 34 94 56 52 70 27 70 84 47 65 16 43 97 1 10 69 19 39 67
73 51 79 87 78 61 100 89 11 27 99 11 92 21 65 74 19 30 59 45 10 12 4 42 42 13 64 77 73 44 32 28 0 43 31 35 58 93 91 7 49 33 31 17 16 3 51 4 12 4 40 29 73 53 43 79 27 99 48 28 16 68 97 74 1 94 69 41 19 29 15 49 92 38 66 79 92 27 93 95 76 82 66 52 4 73 15 5 9 89 22 47 51 82 8 33 8 63 90 42
12 84 99 48 39 44 32 31 22 92 16 5 1 10 51 11 30 33 88 76 61 95 31 6 33 20 28 15 16 26 61 95 43 18 61 13 99 77 49 51 88 78 0 81 76 25 7 94 3 68 45 69 88 82 67 35 86 41 7 44 80 95 46 72 68 56 29 6 1 74 64 74 88 34 2 42 76 14 37 46 65 24 2 68 34 83 3 67 74 48 61 42 61 17 1 43 59 90 99 7
3 65 40 99 7 11 52 1 8 98 23 22 22 49 100 39 59 96 63 7 44 28 55 6 66 44 94 47 40 6 53 50 12 1 8 55 74 62 39 94 31 23 90 0 74 60 37 31 71 90 64 93 25 12 88 83 71 53 28 57 64 5 55 62 84 43 42 20 11 14 71 99 88 30 95 72 5 86 27 35 21 98 57 6 11 37 64 81 85 91 39 61 93 82 70 76 85 62 93 29
69 90 64 26 0 85 62 49 27 98 96 100 99 70 88 36 65 3 59 31 94 11 27 24 28 74 51 92 27 37 44 20 97 17 25 14 15 70 54 23 23 3 71 93 55 7 56 100 94 21 63 43 16 24 21 8 89 25 41 75 13 24 30 66 28 34 7 4 34 84 40 53 20 81 44 8 7 21 53 18 23 93 59 87 3 26 76 25 2 57 33 0 28 65 24 41 36 60 9 42
31 82 63 76 72 72 51 79 72 42 1 59 98 34 89 10 76 26 29 88 7 14 29 38 10 30 65 64 33 84 26 3 51 56 73 80 21 75 25 82 89 10 40 3 7 78 21 40 61 1 24 77 89 14 98 53 92 25 98 86 62 75 91 87 28 34 97 75 45 55 87 39 93 42 84 42 41 2 56 37 91 40 65 47 74 78 64 37 50 51 30 69 7 32 9 2 59 89 24 93
59 62 41 73 27 47 7 56 41 80 100 79 44 76 15 57 100 7 68 0 21 10 45 22 86 63 75 14 80 96 13 19 90 85 87 32 79 49 27 88 42 88 61 51 14 82 86 30 81 85 92 71 57 9 99 73 28 12 97 60 35 0 69 57 38 93 8 66 21 37 44 28 93 35 26 77 58 45 33 48 8 63 52 11 49 42 93 20 27 17 57 49 49 72 80 8 15 83 85 90
93 48 91 87 88 91 26 32 69 69 15 87 36 90 99 12 27 0 83 29 75 1 88 66 71 59 51 49 4 3 35 69 42 73 9 79 69 99 56 12 82 90 91 17 57 23 52 89 0 33 6 71 58 16 49 81 49 54 27 29 25 17 20 90 20 55 83 67 73 24 52 16 93 39 7 5 56 87 82 40 87 64 52 62 39 20 55 67 24 5 42 47 31 63 84 9 70 10 46 42
80 58 70 72 94 4 30 66 8 3 79 68 60 24 17 10 11 7 46 51 47 9 50 47 82 10 72 72 57 0 46 73 67 23 81 54 94 1 73 83 25 24 54 34 54 45 90 85 77 18 55 6 43 66 50 42 100 27 19 89 92 37 82 48 25 53 16 89 60 34 97 27 29 73 6 100 3 46 49 74 47 48 54 1 89 40 51 87 19 53 20 8 78 98 25 41 88 41 70 56
59 57 97 82 92 38 5 13 42 15 70 0 8 2 73 93 62 31 48 82 95 76 69 78 53 90 52 49 75 35 25 44 80 98 48 83 30 38 11 77 66 52 30 79 78 82 48 55 45 88 59 97 14 3 60 47 19 81 26 64 5 78 79 85 43 65 12 70 32 84 21 55 40 100 0 49 77 43 71 67 86 48 1 76 86 11 51 59 16 42 9 9 62 36 74 38 70 49 16 16
85 58 46 95 33 81 65 18 61 52 62 38 27 25 90 28 35 32 78 27 61 2 8 44 14 86 11 45 72 75 51 28 67 91 87 12 91 58 11 7 12 82 98 48 83 94 23 88 63 81 96 55 5 24 27 87 69 43 94 29 12 27 87 47 62 71 9 24 27 46 79 14 44 91 43 40 17 22 25 43 93 55 80 42 9 29 67 0 0 53 65 25 80 61 34 72 79 62 43 3
50 96 18 26 42 65 17 18 18 60 60 100 58 16 50 87 82 86 51 96 57 37 76 92 91 72 32 0 57 75 55 29 78 84 48 77 37 37 1 30 90 58 98 35 84 63 49 47 50 25 46 97 90 3 45 8 35 98 50 32 1 59 66 84 4 40 35 48 29 19 82 14 67 73 37 35 6 17 28 19 36 47 87 54 73 73 55 75 48 32 58 10 50 27 87 99 37 61 60 26
79 95 67 52 63 18 51 49 64 9 4 36 89 27 1 44 29 77 97 80 18 69 44 15 70 31 19 55 73 10 25 26 44 52 74 71 26 52 42 77 4 8 15 73 89 68 9 44 59 26 78 71 50 95 45 78 45 85 2 71 27 72 63 54 93 9 31 81 13 43 76 6 12 93 11 87 45 60 30 1 42 24 15 97 44 43 59 41 54 60 8 90 1 10 50 12 29 58 87 24
39 44 86 69 47 64 1 47 48 67 98 88 32 36 98 66 47 83 66 32 71 98 84 9 76 98 65 43 35 76 21 79 93 43 13 23 10 88 49 72 92 67 18 100 18 89 19 57 1 21 100 57 96 50 32 12 10 35 73 43 55 11 57 73 97 92 80 91 63 26 44 92 71 17 83 84 69 53 4 75 74 74 79 67 36 82 81 42 67 74 92 5 55 5 27 0 43 43 57 61
34 35 11 60 78 80 66 63 32 31 58 73 14 98 59 3 89 71 61 22 96 54 56 58 31 86 31 52 50 86 23 2 95 44 65 82 83 79 90 27 18 42 60 36 92 67 67 67 70 70 40 27 19 62 3 35 42 56 19 76 20 60 94 42 6 78 38 1 21 31 77 15 23 90 23 59 56 15 14 65 2 92 19 89 88 68 65 22 65 83 77 65 45 88 99 12 10 90 47 62
100 72 48 32 61 43 12 61 64 6 4 47 59 10 33 90 84 21 15 73 43 64 44 65 73 45 75 100 82 37 24 32 81 24 55 17 2 85 39 7 54 22 2 45 76 99 57 57 33 85 74 59 99 83 12 16 14 13 66 78 72 63 31 15 49 41 77 12 44 33 46 24 43 49 56 94 37 43 46 32 31 54 99 52 50 52 89 56 66 91 20 35 50 77 2 32 31 81 80 87
84 30 53 88 34 12 64 26 84 44 42 95 79 96 62 33 52 62 3 85 59 81 58 28 87 14 76 49 4 70 38 78 91 91 5 64 92 6 28 50 36 98 32 22 22 56 47 73 98 55 35 33 33 37 80 79 20 79 36 12 50 87 8 44 34 53 19 60 81 40 94 46 15 32 29 86 2 26 69 4 37 95 52 6 61 18 33 86 97 50 100 11 93 54 19 18 4 73 56 95
64 20 98 16 34 49 0 85 77 97 0 23 3 30 49 11 76 24 34 69 60 53 65 6 57 84 64 13 52 83 62 93 64 94 48 18 6 13 67 67 9 17 40 46 62 21 50 97 99 55 59 70 26 27 83 66 18 70 9 21 20 6 25 91 52 17 55 84 40 73 70 75 78 51 79 44 2 32 15 68 64 85 26 55 30 87 80 75 87 11 37 52 45 48 81 65 50 11 22 52
86 15 34 77 97 23 17 12 69 45 17 48 9 63 96 97 18 26 66 89 11 4 3 12 56 77 87 31 43 78 23 22 53 76 0 35 75 41 32 28 74 82 71 50 9 72 31 79 12 57 18 53 78 30 64 58 71 22 91 12 29 32 11 52 68 77 83 84 8 22 31 66 78 43 76 44 14 66 70 86 100 70 71 70 25 82 100 64 38 54 3 11 13 58 20 67 59 58 73 91
77 48 32 9 49 76 99 2 58 63 48 10 49 5 57 0 45 99 16 51 68 34 7 73 57 9 80 80 66 89 33 56 8 97 28 77 4 64 4 55 20 9 96 11 1 71 70 22 51 25 90 44 64 2 14 98 73 32 96 50 58 52 95 69 26 50 50 36 0 9 86 37 15 68 94 53 96 49 51 1 13 67 30 71 38 77 36 82 31 10 2 13 1 51 62 19 55 36 24 82
39 77 6 17 78 4 17 28 62 53 67 83 92 94 88 18 79 25 91 89 59 52 70 18 27 76 33 78 80 4 29 24 19 5 48 82 100 22 30 67 49 2 61 19 93 57 15 66 41 91 29 0 79 9 48 55 48 23 5 7 48 10 21 75 0 49 42 35 40 45 76 2 4 77 92 3 65 83 37 57 12 64 26 75 25 13 24 0 59 27 16 70 72 36 46 92 32 36 4 61
59 31 76 46 19 58 2 11 51 36 56 12 55 57 54 15 79 24 69 88 46 70 62 53 12 82 0 5 48 40 93 83 4 75 100 44 17 48 0 49 87 59 56 51 66 45 14 34 41 35 0 39 63 23 33 1 39 93 5 96 8 68 15 42 19 44 45 31 52 70 75 94 19 41 23 38 61 48 66 51 68 55 18 36 62 87 63 49 94 51 71 17 37 46 57 64 15 21 66 79
6 54 52 95 86 97 23 14 100 0 23 92 51 84 1 63 14 42 11 13 19 93 67 69 18 42 62 7 17 7 25 27 55 61 3 83 59 52 28 73 46 89 27 72 98 74 89 75 49 53 97 33 85 20 43 95 78 59 74 42 97 84 68 99 39 32 43 3 27 57 88 60 1 63 48 7 22 67 0 89 15 58 31 2 53 39 55 83 60 76 19 89 90 50 68 19 0 91 15 74
70 74 94 99 95 51 48 35 63 56 81 35 50 18 98 56 75 14 58 15 45 23 4 43 12 72 7 95 27 54 87 21 36 25 90 56 68 32 91 24 17 0 1 51 82 90 36 100 4 82 87 67 16 93 67 4 99 15 41 44 71 41 28 100 13 66 97 52 85 49 5 37 76 93 35 2 76 35 83 93 69 48 30 19 37 52 1 87 58 23 2 56 38 73 29 5 20 45 85 3
50 9 87 6 79 1 15 36 6 44 35 76 92 66 26 53 8 42 64 20 99 61 72 74 54 55 98 0 13 1 37 4 98 22 16 100 60 26 49 47 86 99 10 46 99 24 43 2 28 47 54 19 81 47 96 39 74 8 64 67 7 61 32 98 69 86 13 49 46 99 5 22 87 0 47 84 21 37 40 100 91 51 54 56 12 19 45 98 3 49 82 10 61 74 40 39 15 83 28 84
53 63 68 82 31 41 2 74 18 54 14 99 34 31 79 44 17 66 74 54 29 61 66 57 14 0 2 0 25 9 40 63 28 46 44 28 36 9 30 92 90 55 31 92 20 51 61 96 85 37 19 50 97 40 7 65 38 58 0 67 58 58 34 73 89 63 45 70 78 33 29 34 75 51 51 93 43 87 22 36 33 98 58 22 19 25 74 50 3 48 31 42 75 20 54 2 2 89 86 79
77 94 91 21 96 7 36 55 40 88 92 62 65 71 71 49 60 69 10 93 50 77 81 69 80 64 16 10 39 84 73 40 10 38 73 39 26 86 44 64 56 82 22 28 84 73 57 2 58 69 55 89 82 87 26 87 28 25 99 91 32 96 55 57 62 62 56 59 44 34 68 84 91 97 69 72 98 66 11 66 19 19 84 8 68 99 40 65 4 18 2 81 28 45 80 22 71 0 91 89
21 11 95 3 84 47 84 43 2 29 33 45 98 44 16 21 6 0 74 35 24 49 33 50 52 70 52 95 80 77 58 26 84 80 36 5 69 96 36 6 85 74 53 29 31 89 62 71 59 26 74 45 55 97 35 12 67 76 17 65 51 63 89 20 8 32 34 58 4 82 7 97 31 83 67 71 64 16 52 96 89 52 3 37 45 45 32 27 23 45 15 64 92 11 44 42 28 12 21 73
37 61 24 71 69 73 38 33 16 27 9 5 23 94 11 53 14 17 38 50 82 41 81 36 25 44 19 38 32 31 1 96 52 89 9 26 67 0 88 90 13 78 58 46 71 89 75 21 93 46 6 12 47 63 38 43 18 44 54 78 59 16 82 31 9 78 82 35 75 46 18 0 58 60 30 14 43 70 10 96 59 5 6 59 3 25 6 94 47 53 0 64 93 97 12 38 44 56 66 51
44 31 81 75 93 34 14 54 60 61 41 18 20 52 12 96 33 14 71 76 10 57 45 58 70 30 12 51 81 92 99 62 32 44 56 58 94 93 62 86 44 12 26 75 54 53 85 98 82 80 29 62 90 21 41 99 74 6 91 60 11 94 64 97 17 5 86 21 19 79 65 84 58 22 84 2 51 70 10 78 68 74 44 64 60 98 80 74 71 52 77 98 12 67 26 83 42 1 86 39
18 9 32 61 24 16 11 73 37 65 22 44 17 40 81 59 70 6 31 18 83 15 98 20 26 20 61 1 17 62 43 94 40 100 69 34 39 28 14 65 94 82 35 67 42 64 44 39 49 70 40 20 45 94 62 93 11 26 80 15 33 100 25 64 75 10 99 83 8 53 65 30 88 13 66 40 64 85 83 82 3 89 43 98 76 18 37 11 18 10 80 22 74 14 47 14 51 89 8 60
49 24 46 16 47 76 3 92 81 11 2 78 52 68 60 74 59 15 93 69 42 21 7 27 64 47 21 2 18 54 1 83 25 61 28 75 53 0 93 40 59 42 1 95 43 90 79 27 50 26 91 11 86 89 92 71 33 67 97 57 17 57 62 21 33 78 46 93 63 80 17 38 22 1 0 45 55 41 30 65 27 26 93 43 90 38 42 71 17 24 0 80 0 43 100 80 20 45 48 7
23 27 66 30 2 99 52 24 34 21 61 79 11 65 48 53 8 86 72 90 12 37 8 59 36 98 82 25 63 53 38 31 84 90 97 32 67 71 100 57 44 23 90 98 38 52 83 84 92 36 46 53 49 8 3 9 72 18 28 53 88 62 12 61 22 29 3 77 16 27 87 91 66 87 25 4 95 67 93 46 42 32 82 77 63 54 3 53 46 15 99 84 15 89 14 20 89 0 14 26
91 5 11 3 87 15 6 11 74 53 92 63 20 69 1 59 27 91 29 23 24 37 30 52 98 46 77 13 79 88 86 55 60 68 22 98 33 33 4 25 1 26 77 72 13 74 82 10 11 43 89 39 41 74 31 76 13 60 43 73 53 63 62 46 28 65 3 77 10 23 89 3 92 96 41 61 89 1 18 21 6 22 11 89 13 92 55 10 34 41 50 62 44 56 38 36 28 56 5 89
80 21 92 39 78 68 82 15 88 69 51 26 80 17 49 17 58 59 77 74 47 4 15 7 25 83 57 5 16 5 49 43 38 26 10 23 78 40 85 2 51 5 22 62 24 53 17 21 72 35 74 16 89 30 8 45 79 23 62 46 78 61 42 61 90 12 54 89 45 32 77 91 33 57 54 92 91 88 96 52 27 80 94 68 15 45 11 90 30 1 79 45 17 33 32 74 44 61 67 2
58 33 45 88 13 54 84 12 64 94 48 29 46 38 98 8 55 26 71 41 24 61 2 43 45 94 65 8 27 62 91 65 76 33 92 73 96 38 35 27 82 8 14 77 35 7 100 27 46 43 82 72 52 16 79 46 43 1 14 16 3 21 97 13 52 79 55 68 24 51 5 42 36 8 36 30 77 52 41 35 80 25 61 24 16 24 91 21 84 38 67 13 99 81 56 76 43 47 14 63
36 37 7 53 38 99 28 10 67 16 47 95 77 86 36 38 23 88 4 77 93 57 70 24 92 73 10 84 2 15 38 77 38 18 98 98 83 69 31 1 68 11 81 14 5 29 60 37 18 65 97 70 72 4 67 44 99 87 71 92 55 50 14 25 94 82 79 41 97 73 83 38 17 39 67 87 27 47 84 3 57 10 59 4 21 37 98 24 19 46 15 9 27 43 81 13 40 28 29 61
87 30 94 46 40 33 6 31 50 75 9 35 92 56 1 33 50 68 85 37 81 62 98 5 56 97 34 74 65 84 30 6 13 87 20 76 58 9 28 76 78 3 59 85 92 24 28 65 2 18 93 88 78 13 18 65 61 18 84 97 38 15 64 18 33 95 8 64 92 16 61 78 24 85 17 83 36 10 68 42 27 37 53 0 3 94 22 7 7 95 17 87 77 61 58 5 81 80 23 88
80 3 59 100 37 37 44 90 50 20 83 76 21 46 39 50 76 56 78 81 52 4 73 56 67 77 7 1 50 35 46 43 65 57 51 100 96 16 27 68 19 4 16 56 9 37 42 87 84 77 76 31 36 82 55 39 17 44 32 73 3 7 74 34 100 14 93 70 2 36 55 69 97 58 20 41 73 55 38 7 51 49 98 67 21 42 46 40 40 71 68 35 64 57 62 69 56 33 56 67
89 60 100 50 78 33 27 88 58 15 95 27 73 20 50 37 76 50 5 0 12 36 32 53 51 2 46 89 37 9 23 14 75 12 51 65 71 20 45 0 15 80 52 78 79 14 93 28 26 75 80 76 98 37 86 50 91 8 99 32 40 89 84 74 19 7 98 14 85 95 54 0 26 43 2 27 31 67 38 99 25 17 74 10 63 76 38 13 90 48 36 15 11 5 34 11 21 38 63 83
49 90 31 26 12 24 48 72 47 21 8 77 95 30 78 47 33 37 91 75 50 48 27 57 77 7 10 13 69 7 92 45 20 40 84 73 43 91 53 69 54 43 32 21 69 33 76 0 10 30 36 24 31 63 57 62 76 0 0 60 37 97 27 38 52 85 5 55 44 86 73 97 26 84 8 41 47 24 63 93 78 86 90 97 78 22 88 70 77 13 99 38 28 96 28 47 14 33 39 2
45 66 59 71 76 6 47 30 90 29 70 70 45 17 48 30 3 2 20 44 47 5 68 62 45 12 87 92 40 33 79 30 86 57 87 87 24 42 81 33 54 9 27 74 82 81 71 2 22 25 12 33 98 27 25 22 11 43 80 49 52 67 91 2 52 66 8 51 99 62 3 57 35 60 86 40 35 35 97 90 77 77 85 70 87 97 39 52 60 21 4 42 71 44 48 83 93 92 51 59
80 62 26 29 94 48 19 39 30 54 64 64 34 1 32 49 34 93 38 93 89 46 65 27 49 61 13 0 20 84 28 61 43 18 33 22 51 74 70 24 17 22 25 22 54 1 8 56 54 11 76 52 94 18 37 36 10 99 82 75 6 88 68 41 15 93 82 57 91 37 2 8 52 56 84 6 93 25 70 5 99 27 64 27 98 85 34 58 83 1 27 90 86 60 3 81 21 73 74 33
73 83 51 7 73 82 88 90 64 17 15 94 20 93 63 10 46 49 26 72 81 69 25 4 72 36 1 64 84 78 76 75 34 14 98 30 7 40 13 99 53 83 28 3 74 14 27 52 44 73 42 96 10 19 36 76 16 10 37 12 11 84 56 76 90 78 45 11 30 12 57 29 79 49 34 15 5 67 89 99 58 12 8 52 83 95 75 23 88 55 37 66 83 14 98 1 83 2 84 93
20 13 80 43 5 70 43 58 31 28 38 15 47 3 86 36 68 16 82 44 48 84 30 52 67 18 38 45 79 26 23 58 69 71 33 46 55 44 15 50 30 42 13 33 100 53 86 45 41 67 25 2 59 91 23 88 93 71 21 99 71 2 10 47 63 35 6 24 11 81 68 33 0 2 43 24 22 35 6 11 89 87 91 34 29 49 48 13 71 86 66 1 10 72 0 69 64 19 19 18
53 89 64 80 84 85 76 79 6 88 53 94 37 84 6 23 78 90 62 0 14 84 87 95 38 61 94 26 88 6 30 68 37 91 77 12 94 5 73 82 16 18 49 7 75 2 82 76 95 5 89 79 84 34 41 92 16 21 89 95 10 14 38 20 19 57 96 52 0 2 55 26 53 50 99 77 42 75 82 59 87 32 53 1 79 13 82 55 96 98 88 27 99 10 71 86 40 17 15 73
51 51 26 96 67 37 60 8 41 67 8 12 27 91 69 86 27 86 1 88 95 73 82 56 44 56 25 80 20 85 5 33 59 72 88 53 21 50 27 98 20 23 5 22 66 1 45 76 23 35 84 81 77 70 46 45 98 15 78 61 99 41 6 2 36 19 45 74 13 74 9 72 92 34 75 69 24 4 80 46 55 71 18 48 23 25 53 92 52 93 38 47 67 0 13 96 28 32 76 16
7 98 90 47 87 36 14 72 42 75 92 58 46 80 55 19 74 38 27 33 7 66 60 69 70 22 14 73 79 91 89 8 30 100 48 63 32 29 90 25 73 73 7 25 50 24 26 54 92 34 91 36 84 72 22 14 40 51 83 45 26 11 68 76 4 86 21 80 58 48 0 72 30 66 13 44 33 85 77 33 61 52 43 19 91 2 4 85 29 59 61 38 32 43 65 87 49 91 96 81
59 36 53 91 27 89 28 80 3 57 33 57 73 42 39 83 49 98 56 12 0 87 25 64 41 51 33 51 25 4 53 100 35 0 34 53 80 6 78 23 27 67 10 54 13 81 56 19 59 81 74 79 53 80 76 100 89 3 71 75 48 35 27 50 43 36 79 41 51 80 95 98 66 64 38 85 48 92 48 61 13 43 33 77 10 56 99 6 52 8 23 50 30 12 29 50 90 6 25 78
34 99 58 60 99 49 70 85 94 42 56 75 13 70 54 4 70 98 90 72 23 17 53 86 75 66 100 51 85 77 68 75 65 33 19 31 67 32 49 65 45 6 81 75 74 31 48 2 26 33 96 11 47 71 35 12 27 6 4 3 74 54 19 23 81 77 25 1 17 85 55 92 6 70 98 4 80 34 31 45 12 87 98 98 61 79 66 1 81 79 66 91 43 39 93 74 53 60 72 55
78 64 95 29 27 57 81 97 13 84 35 89 60 36 78 49 5 93 73 16 51 9 27 93 12 54 24 14 66 98 49 33 55 87 27 22 43 98 62 55 67 7 48 61 82 77 31 88 45 78 87 26 47 30 87 51 76 7 35 97 24 69 10 82 91 46 41 94 71 24 93 88 93 24 79 10 82 80 6 55 26 61 68 40 32 90 47 53 45 77 1 32 72 59 77 9 36 15 21 21
66 67 45 58 78 21 3 73 96 14 49 70 24 14 9 36 1 35 23 61 43 51 42 32 54 53 22 67 29 2 17 20 60 69 34 63 41 81 25 26 71 12 56 9 98 78 2 87 56 47 73 89 31 5 30 92 32 13 29 75 34 33 83 52 84 81 67 51 69 30 1 34 13 62 74 97 28 80 54 9 5 92 43 3 55 25 1 78 25 78 12 3 43 70 19 6 81 11 24 92
16 73 82 88 31 52 75 79 35 19 97 38 68 1 13 4 100 26 42 10 67 84 2 19 66 91 19 6 72 78 29 37 95 59 57 79 23 13 59 54 38 37 39 14 76 98 53 12 90 49 57 59 79 68 62 75 3 10 2 89 19 26 99 54 32 7 46 97 10 46 12 7 29 76 92 30 33 47 49 89 67 1 52 53 16 91 3 39 33 99 47 95 55 57 96 20 81 19 93 53
96 24 41 54 64 53 73 56 38 51 79 82 8 90 15 13 61 99 80 68 58 50 24 15 87 38 58 2 72 17 45 58 82 59 53 32 20 92 48 11 69 1 35 12 20 22 13 67 19 57 28 34 100 36 18 71 63 61 52 72 92 56 33 100 67 7 20 76 16 30 2 38 5 56 28 12 89 12 57 86 9 83 94 44 2 24 56 27 100 87 7 12 60 14 90 4 78 13 88 36
68 40 49 3 22 69 96 18 9 9 22 42 27 69 55 31 51 46 92 93 12 90 0 71 65 77 13 5 26 20 90 48 73 80 80 63 2 34 7 56 72 35 67 95 33 96 16 29 56 87 86 48 48 28 15 22 43 17 100 79 13 42 71 36 27 49 76 30 68 63 71 46 78 12 87 5 42 13 87 56 28 84 57 84 88 41 24 70 12 99 91 25 63 29 31 17 89 87 66 82
25 14 64 41 42 46 98 57 53 40 45 49 83 41 79 92 92 63 80 41 57 23 51 41 92 98 93 60 74 2 34 30 81 66 64 89 7 87 30 38 68 75 35 46 29 69 46 4 39 0 0 60 64 33 44 98 2 51 48 78 19 35 100 15 47 66 84 46 6 58 78 43 16 86 45 63 81 68 35 77 6 18 56 5 16 0 52 100 64 73 75 99 89 45 0 10 18 13 68 18
90 20 71 90 88 16 67 99 41 82 0 90 45 84 63 41 61 92 41 82 79 14 20 35 62 83 91 65 4 18 79 1 54 9 83 51 66 9 87 41 18 11 99 88 84 99 19 95 78 100 96 77 90 62 84 96 29 11 37 0 35 29 75 79 46 78 18 89 63 31 87 22 10 3 23 82 37 13 10 62 97 27 63 2 5 94 29 85 0 39 9 43 88 18 36 17 87 92 61 53
80 19 28 98 83 30 84 51 61 6 9 93 40 51 73 91 66 4 62 92 87 40 21 9 91 16 57 95 64 22 88 63 97 88 15 26 13 32 37 86 55 16 70 92 46 93 82 42 61 88 79 22 61 91 63 52 10 42 43 12 6 64 30 63 71 21 6 69 10 26 18 21 78 96 3 54 51 2 2 21 69 86 100 18 95 73 23 54 64 22 65 11 47 22 35 22 87 89 63 3
90 57 77 95 73 85 70 29 70 0 82 43 30 2 79 36 54 66 44 47 62 51 32 36 62 76 78 2 42 8 35 25 11 16 6 26 88 90 47 89 59 93 28 40 48 52 48 7 21 9 15 82 22 55 94 36 58 17 53 11 18 10 5 6 94 20 74 98 75 69 38 66 86 45 72 88 88 17 25 40 14 46 66 73 62 35 11 0 39 76 13 58 18 95 42 82 44 17 16 56
74 15 91 52 21 92 72 62 25 84 95 57 23 20 46 19 25 15 94 92 58 13 58 80 67 88 19 98 99 55 33 59 10 59 60 36 67 95 71 37 21 26 52 79 15 47 31 79 77 31 8 15 3 98 13 57 52 10 73 31 17 30 2 85 31 87 77 25 38 83 55 21 56 8 2 77 80 91 81 62 76 83 32 9 29 10 79 42 17 40 61 39 42 22 56 33 95 42 20 10
30 14 71 61 5 77 6 32 11 75 96 23 60 5 32 3 25 13 97 28 31 89 35 86 87 77 17 22 100 27 49 100 28 65 19 3 18 51 50 42 93 60 75 22 27 84 39 16 13 96 45 46 19 51 33 43 54 59 40 8 56 77 93 55 67 95 43 33 94 72 44 22 11 58 88 90 92 59 39 55 60 33 2 77 57 34 89 19 6 97 81 97 5 3 62 91 34 50 60 90
6 27 55 64 11 23 76 32 25 64 93 42 64 96 50 57 100 89 81 16 95 54 34 85 81 24 53 35 90 17 83 100 20 64 32 97 55 94 64 68 70 24 45 83 22 33 1 72 77 88 48 23 31 52 26 38 21 81 47 34 3 78 48 72 27 46 69 70 67 35 6 36 67 1 56 76 17 6 16 16 3 40 25 75 17 9 36 42 89 74 21 72 15 81 40 32 22 4 80 86
49 21 32 10 70 6 37 91 15 81 99 59 26 41 36 15 90 13 4 76 92 86 21 88 8 66 23 19 51 53 40 49 44 93 71 56 97 81 61 31 77 77 40 71 47 19 66 89 80 89 88 57 99 47 25 74 48 31 94 46 5 42 25 60 75 45 50 90 79 80 15 100 36 99 83 0 75 29 56 71 13 8 22 4 8 70 27 71 30 69 24 79 52 36 41 52 33 82 60 72
20 61 40 19 2 29 78 73 78 0 15 48 79 45 44 82 73 35 86 11 51 91 23 33 64 25 14 3 87 81 15 59 39 84 1 87 87 62 92 77 60 3 33 3 92 35 3 11 90 13 83 20 41 66 39 39 12 9 98 88 27 92 71 74 4 32 84 52 6 67 82 39 68 54 4 17 26 86 47 28 47 52 20 95 61 22 54 31 21 79 85 70 87 38 64 41 26 35 52 42
77 1 30 67 34 15 7 57 19 41 15 27 7 17 16 48 35 7 11 51 95 56 8 11 29 75 35 13 15 40 32 13 81 99 46 71 22 25 58 53 53 20 38 11 35 74 80 82 28 13 19 11 64 46 19 68 68 23 12 82 17 6 37 7 79 19 88 5 91 93 34 54 38 3 23 63 71 37 63 17 56 19 76 17 0 89 95 33 14 5 36 39 96 27 11 17 15 29 73 83
85 72 65 23 36 31 46 40 53 75 36 37 11 50 71 57 58 28 33 22 95 22 87 1 64 26 94 100 100 97 92 91 83 75 94 83 39 12 19 59 26 45 55 91 100 77 63 15 56 10 90 11 23 38 19 81 71 70 65 64 94 64 33 34 17 30 43 78 22 49 59 7 96 71 55 98 20 0 37 26 99 45 69 81 19 63 38 79 26 62 55 14 21 56 34 49 10 55 90 41
13 92 44 37 39 56 47 65 15 47 24 17 36 9 6 37 21 54 62 76 20 41 33 69 61 74 2 1 68 52 95 52 37 78 13 74 31 48 26 52 58 3 5 23 75 33 98 16 30 77 18 68 7 37 27 100 19 87 28 51 60 15 21 56 43 19 89 29 28 10 66 2 30 66 2 7 96 75 70 63 42 28 38 34 78 8 56 38 42 36 71 8 42 75 72 25 77 60 95 12
68 62 59 15 88 98 87 83 9 29 68 0 78 46 19 55 37 42 32 76 41 96 70 81 54 52 6 81 84 7 76 16 73 82 48 12 19 76 56 37 7 24 18 38 88 0 37 31 2 33 63 27 16 17 73 68 63 14 100 82 6 89 8 66 75 49 12 83 91 21 96 61 88 39 5 40 69 61 25 77 94 40 44 97 79 10 44 53 30 29 7 36 95 62 69 53 77 13 30 12
75 1 4 20 78 86 74 32 88 77 59 80 8 69 53 9 52 23 65 35 18 80 97 89 100 85 95 75 51 68 37 91 56 76 28 36 50 28 80 10 17 68 42 0 100 74 22 4 85 71 38 82 2 17 73 81 89 18 83 12 35 62 85 99 96 83 52 87 28 17 24 65 75 37 1 4 68 48 41 46 65 62 32 15 36 18 43 30 53 20 22 37 98 99 44 33 25 60 6 35
12 84 63 50 23 15 3 43 76 49 95 84 16 64 60 67 77 79 34 1 3 94 74 33 99 43 32 36 67 23 66 25 65 27 67 24 16 12 37 46 8 4 84 74 7 62 44 82 3 2 54 88 64 89 52 8 31 40 43 5 51 56 45 83 71 15 21 85 25 68 70 14 37 74 75 90 89 2 27 65 21 6 0 63 29 47 68 80 73 23 39 47 15 100 31 55 53 39 99 90
2 34 66 10 76 86 48 17 76 29 91 81 45 53 62 51 23 89 26 38 72 97 54 90 70 9 0 12 94 42 26 53 96 95 80 51 39 82 56 15 44 3 46 51 10 97 45 92 7 39 10 72 33 41 47 41 29 51 59 52 17 89 51 91 74 79 46 69 32 37 79 20 69 55 35 24 28 65 13 36 4 5 41 32 46 49 31 23 13 65 37 38 63 86 24 43 35 83 34 26
91 39 30 97 76 58 10 1 33 67 13 13 88 69 44 22 100 28 90 99 92 97 98 38 67 12 82 16 89 30 56 32 79 17 84 15 0 12 46 81 0 25 48 18 92 72 5 42 13 6 100 30 3 9 44 39 95 69 40 9 22 58 7 66 91 36 20 20 74 67 93 44 32 71 87 43 28 67 12 52 5 16 62 93 67 34 8 18 80 8 46 19 24 49 47 68 83 51 71 1
58 3 52 14 42 17 41 50 11 86 40 69 63 61 34 91 83 99 49 30 47 72 57 77 15 36 73 19 66 92 20 61 16 51 7 23 25 47 71 78 41 29 15 95 55 80 4 76 19 11 90 89 91 29 99 25 56 84 58 60 28 86 8 7 99 51 4 100 37 82 99 55 29 6 60 7 50 42 36 25 80 51 62 50 58 25 75 52 85 61 6 13 16 2 72 26 41 23 88 55
35 37 81 26 74 70 83 7 6 2 10 100 70 69 82 54 66 3 78 30 80 75 64 54 57 73 80 23 52 32 57 86 0 50 8 61 23 79 68 52 57 0 67 48 57 21 70 61 18 94 42 83 34 79 55 18 31 86 20 94 80 24 81 2 81 68 87 97 51 55 14 79 28 52 82 46 10 92 62 99 25 80 81 53 9 70 42 9 84 35 31 48 12 99 0 86 37 46 8 90
29 35 22 12 41 69 16 90 14 52 27 69 93 13 73 77 3 58 7 5 94 42 70 69 20 38 68 73 13 90 5 70 43 12 57 1 92 30 32 7 97 35 62 37 3 25 50 35 4 100 89 70 13 2 69 48 94 5 45 70 28 69 69 83 59 59 44 35 7 39 64 85 52 65 90 9 18 42 5 41 11 62 69 81 64 72 26 63 97 65 61 16 81 9 90 57 75 27 23 7
93 69 68 62 42 39 36 57 52 79 5 67 43 0 52 29 27 87 37 39 18 53 91 74 51 32 72 85 22 51 3 85 98 53 76 43 79 47 23 77 84 73 43 1 84 73 13 9 39 33 70 82 75 73 47 23 48 31 50 50 81 70 30 91 62 89 24 3 74 41 20 26 0 41 13 53 51 94 88 27 95 32 64 93 45 12 18 51 43 88 54 92 50 77 27 84 39 3 79 52
2 56 34 20 84 95 33 93 48 99 57 77 33 7 81 100 29 67 47 23 93 13 95 18 12 5 2 78 99 97 34 99 39 78 11 84 85 36 27 84 95 18 97 41 44 89 58 5 93 31 82 79 21 80 98 18 25 41 52 85 3 30 41 32 81 99 31 19 79 42 48 82 93 52 38 8 68 62 100 40 76 5 2 0 24 46 13 20 88 76 13 74 8 3 79 19 20 3 38 57
98 12 60 7 35 2 14 4 26 20 22 49 66 42 3 12 26 28 79 3 63 62 74 24 52 7 87 6 28 38 29 9 72 45 34 26 21 90 4 30 23 74 4 100 28 97 16 89 40 79 8 7 56 88 3 66 13 32 6 69 53 16 41 18 83 57 23 18 36 55 86 29 88 44 53 74 78 25 49 69 54 18 16 44 83 89 96 38 95 6 45 19 33 42 99 18 53 87 17 73
54 79 14 16 85 32 4 42 70 68 58 86 41 28 0 80 46 49 95 2 2 58 19 55 87 47 11 97 69 22 17 63 25 38 76 81 56 83 91 32 62 13 94 40 53 13 76 87 55 18 14 98 16 65 22 68 14 84 27 13 2 54 0 42 50 31 64 13 3 4 32 85 58 47 43 28 9 12 99 14 27 76 4 27 28 6 93 54 67 99 4 89 95 90 80 22 80 77 18 7
100 24 99 3 66 30 31 69 77 87 0 15 32 100 82 29 45 52 65 89 9 88 48 48 96 94 80 18 72 60 94 23 60 0 51 22 33 2 64 90 4 3 58 41 73 50 66 13 87 49 66 53 82 89 36 90 3 20 2 95 66 88 11 23 45 64 76 75 54 95 5 68 49 21 52 75 54 55 16 36 25 72 33 56 7 17 20 73 34 77 2 69 88 53 57 99 4 18 84 53
22 13 63 36 0 52 76 3 70 79 24 87 15 17 76 52 51 29 6 4 19 2 87 59 82 15 23 75 79 24 63 42 62 3 29 30 13 36 26 100 11 97 96 31 44 43 67 69 68 80 19 78 34 77 35 21 75 30 73 86 14 39 63 75 49 5 46 45 99 79 41 76 5 97 89 11 100 81 18 44 34 7 27 23 22 46 92 61 28 61 62 56 84 36 64 42 97 87 0 19
41 9 37 70 27 2 47 15 74 2 64 82 89 76 81 99 7 98 36 74 73 6 81 82 27 21 14 72 1 40 60 61 19 79 84 19 3 3 68 85 35 99 84 44 71 50 10 3 95 56 70 62 4 99 93 68 81 27 24 42 73 61 41 9 80 29 78 9 1 49 75 37 44 38 60 82 99 12 42 42 61 34 1 38 46 17 86 20 67 36 32 82 4 61 99 50 37 39 33 1
9 12 20 86 97 38 2 17 28 83 8 95 76 72 47 66 89 34 52 41 18 78 57 11 84 24 15 25 29 29 93 59 81 10 88 25 92 47 92 3 92 14 41 50 19 83 9 83 17 35 20 18 90 29 84 50 53 8 14 80 36 4 51 54 57 38 58 6 99 78 4 44 37 22 73 76 99 0 34 4 48 63 19 36 36 14 43 90 49 37 88 56 70 88 24 98 49 61 83 9
96 59 74 100 11 22 35 67 87 64 10 27 2 90 99 44 50 28 62 72 99 95 8 88 63 73 93 55 63 82 84 19 57 44 49 78 33 48 21 45 47 44 76 40 9 58 3 87 36 68 2 32 54 53 98 6 11 13 63 30 12 73 14 13 23 85 61 38 55 50 3 70 1 3 97 61 56 59 35 3 48 41 50 40 50 9 68 65 25 7 23 51 19 92 43 0 52 27 77 70
76 30 1 62 7 22 55 57 1 76 3 15 3 3 99 38 86 19 25 98 91 73 49 21 4 65 26 91 98 76 75 13 23 11 97 54 83 38 86 51 43 78 18 42 84 22 60 44 54 97 5 11 23 29 19 43 27 88 79 7 13 99 9 16 18 46 17 76 17 41 31 96 33 77 12 96 37 62 9 4 65 49 5 59 60 84 64 70 18 4 96 71 19 13 42 23 62 58 7 11
8 40 19 44 25 79 44 26 18 39 6 20 26 9 78 41 47 74 46 49 41 91 16 92 18 3 4 60 92 37 21 37 83 21 24 50 46 59 45 82 99 76 46 89 85 34 75 16 38 29 57 60 31 78 67 64 0 23 92 25 9 12 22 76 85 7 3 32 14 84 24 30 41 47 23 49 55 3 53 46 21 39 2 50 54 34 41 69 91 13 31 63 9 96 58 26 72 85 69 76
12 18 47 13 37 52 22 44 14 82 12 69 45 87 60 98 26 45 38 41 94 8 15 76 71 5 8 4 65 31 94 18 60 55 89 29 86 56 97 41 56 86 84 83 33 56 83 32 96 98 2 20 76 33 9 47 100 11 56 36 11 68 78 13 2 3 35 100 67 7 57 69 26 11 61 8 95 59 30 14 41 31 26 28 4 94 59 5 57 72 87 32 18 84 77 92 64 86 4 45
11 44 79 6 18 57 5 100 55 4 18 28 56 58 31 46 33 33 42 21 88 89 92 25 91 9 46 92 70 25 15 5 48 74 20 94 56 98 58 89 8 72 14 6 9 56 61 19 69 87 23 32 31 70 19 12 96 80 5 25 36 91 36 86 13 91 39 68 23 2 95 62 34 13 14 84 21 45 54 96 71 43 15 23 88 93 61 48 71 34 74 5 38 56 60 13 39 36 57 28
79 96 75 7 42 6 11 67 64 97 2 15 13 35 24 88 13 84 70 44 71 69 97 11 19 81 11 17 77 75 26 28 22 83 63 19 42 77 61 18 93 40 34 92 21 68 72 97 64 92 29 19 53 49 59 12 28 21 63 6 60 89 77 17 2 45 90 45 70 25 27 30 80 84 32 60 14 6 86 33 72 79 92 35 15 22 17 67 55 21 16 79 99 5 17 98 66 55 55 41
7 54 41 68 51 53 19 54 32 64 74 42 81 10 27 70 72 3 65 26 1 18 65 63 8 94 86 21 49 47 92 9 90 42 21 15 13 18 100 12 40 54 62 6 51 14 28 46 16 31 99 7 78 91 51 37 17 49 93 75 90 2 68 0 38 21 83 40 63 94 73 62 53 61 18 92 17 95 54 96 78 17 78 91 0 76 47 60 82 32 91 37 20 85 87 40 47 79 84 28
5 100 41 5 23 46 71 31 71 29 75 65 84 94 53 3 46 89 80 80 28 20 85 56 43 86 54 14 90 84 26 63 27 30 17 92 9 47 54 68 57 77 28 72 5 1 13 38 60 62 25 95 19 28 63 15 84 100 75 91 6 15 74 70 98 35 24 25 74 83 52 4 23 13 4 84 73 16 82 4 99 56 86 62 89 25 46 59 64 45 79 18 66 47 97 5 63 53 37 49
95 55 57 10 21 60 15 21 55 17 90 52 8 39 31 62 54 84 64 19 40 45 25 18 81 55 12 69 82 42 75 52 10 4 39 65 16 44 11 51 18 3 84 90 4 54 80 78 49 41 10 12 53 39 61 71 89 30 72 90 62 37 89 35 45 56 0 92 85 96 64 9 67 58 84 16 54 62 67 94 53 19 16 41 52 60 78 64 66 79 75 44 53 57 64 95 97 86 55 68
58 98 86 34 32 51 70 7 60 16 57 33 19 71 70 98 6 59 38 39 44 84 3 75 71 72 65 20 45 6 19 49 72 21 86 48 20 1 32 64 1 74 97 75 93 36 67 30 1 69 17 42 68 59 12 34 78 28 44 27 90 69 25 64 67 7 61 47 21 87 20 82 15 23 28 35 29 20 29 57 52 38 43 75 2 64 27 15 100 59 69 70 6 83 6 52 14 50 48 16
94 76 77 35 17 1 96 73 17 81 84 32 72 51 91 76 84 47 9 3 48 0 41 62 3 35 10 1 40 2 34 77 57 1 66 51 97 86 69 17 16 25 59 10 25 30 97 81 14 89 4 64 31 94 69 79 80 55 24 41 84 27 66 12 46 90 31 33 84 45 90 86 59 15 65 95 16 95 60 92 14 60 56 11 27 36 59 11 56 43 59 14 18 31 99 34 19 86 86 46
35 65 35 43 17 61 35 4 55 13 32 100 74 100 90 80 70 38 1 38 28 17 9 39 32 79 95 92 98 25 66 5 90 81 26 44 88 15 39 61 31 22 48 5 39 32 11 33 35 13 9 30 89 30 57 54 8 57 68 89 80 72 93 52 63 52 20 76 59 51 48 97 76 85 49 1 4 61 24 46 60 66 42 15 81 98 90 69 9 36 55 48 6 91 25 80 32 5 85 55
76 82 41 83 35 1 70 84 58 70 79 60 26 38 45 14 90 55 10 75 17 17 19 35 100 26 96 50 61 79 28 43 4 19 52 52 77 90 88 61 49 56 93 63 28 33 66 70 68 54 50 79 89 79 99 61 60 43 91 3 85 18 50 16 1 60 81 33 76 33 27 64 69 71 50 5 80 66 82 16 15 55 3 5 20 85 2 92 82 89 1 27 65 30 36 72 71 56 8 29
92 8 0 10 19 6 50 1 50 27 43 99 81 30 65 82 76 29 12 96 64 92 73 55 93 17 47 28 69 0 48 60 81 9 22 13 23 20 0 13 20 65 17 36 27 18 34 29 54 22 30 5 24 72 58 5 74 77 69 16 36 90 86 28 81 82 62 38 17 18 49 76 9 56 42 87 25 10 15 55 51 96 36 3 100 37 95 8 10 49 90 90 83 91 89 71 58 32 98 44
