50 50
71 60 100 57 44 51 3 66 36 58 85 77 50 82 29 7 79 74 43 42 91 62 96 33 7 11 45 64 50 16 4 86 15 100 61 88 9 36 6 65 10 65 99 95 30 40 24 27 44 32
60 8 54 43 65 78 83 32 77 77 59 57 5 39 85 74 33 88 57 58 42 96 20 69 79 38 9 51 84 1 25 27 88 28 72 100 18 32 8 73 14 21 0 61 2 10 53 54 60 64
70 70 44 67 43 51 89 14 15 43 89 100 55 61 25 62 67 73 75 90 69 93 45 96 68 84 44 33 54 11 63 86 70 72 47 72 12 41 48 23 44 96 22 6 89 13 21 30 37 59
57 3 25 46 14 32 11 91 19 50 89 14 32 71 46 64 95 76 20 75 81 42 15 42 70 35 8 96 50 81 71 80 89 87 100 100 25 97 89 37 15 49 11 12 76 78 73 16 58 13
20 11 98 17 71 63 60 99 1 61 78 48 19 13 70 92 91 8 77 34 61 41 58 67 1 96 83 69 68 77 100 60 25 80 77 45 63 54 72 59 44 42 84 73 28 100 69 14 23 24
38 78 77 56 73 97 29 23 34 12 22 66 91 55 72 30 79 93 70 2 91 28 38 51 56 66 1 30 22 10 82 48 23 64 82 27 89 81 73 2 4 78 68 76 86 75 77 47 43 48
8 41 83 6 97 95 79 33 99 12 17 79 84 9 52 4 29 61 76 57 63 52 82 52 79 3 66 23 29 85 12 85 80 37 78 73 16 88 34 26 25 49 79 46 8 61 58 2 39 17
54 92 5 22 72 22 80 100 12 71 55 89 2 43 48 7 19 78 54 6 16 1 71 5 4 51 82 99 84 18 5 38 60 68 78 61 17 8 23 56 47 80 60 90 7 3 6 82 94 2
59 33 99 15 16 33 97 43 11 47 50 73 36 83 21 43 22 60 19 35 49 13 35 57 89 37 9 1 2 8 25 25 49 26 86 97 97 28 88 28 95 38 59 91 90 0 22 13 40 24
0 27 13 77 87 9 76 46 100 10 69 94 34 9 10 47 23 83 75 5 9 92 66 26 95 71 16 46 69 41 86 81 18 66 68 87 31 53 83 22 97 91 42 78 6 17 85 17 65 83
95 27 51 99 21 89 61 33 0 83 10 73 37 0 21 28 57 10 44 2 16 96 10 29 42 43 15 39 15 82 4 92 36 22 46 86 80 2 18 88 10 53 63 5 24 8 13 41 45 15
3 89 92 95 13 92 67 7 98 48 33 86 71 99 86 75 88 37 3 67 20 62 100 41 80 71 72 65 79 26 4 81 37 60 32 75 47 32 7 24 91 91 22 90 67 34 59 76 71 95
31 61 91 73 10 100 58 92 69 21 58 53 47 47 90 48 35 31 1 20 1 85 31 41 38 64 90 40 51 63 62 10 93 94 65 92 29 71 83 63 95 52 87 29 59 66 37 3 71 93
7 59 67 74 58 6 97 23 56 92 18 96 65 65 19 49 52 33 52 21 40 54 100 57 11 85 84 59 88 63 11 6 15 89 79 41 46 50 94 19 61 47 12 4 98 62 77 8 4 79
85 85 11 3 54 60 38 80 68 55 18 20 56 24 43 94 64 43 9 93 76 69 81 42 89 23 95 12 100 88 49 58 65 66 33 70 11 84 15 58 34 45 78 51 77 34 97 43 96 23
27 95 0 75 1 81 25 11 88 86 80 48 10 69 72 31 18 56 24 55 58 90 50 19 79 12 75 58 93 70 78 2 88 85 68 63 67 48 57 1 8 83 63 4 52 73 36 88 8 12
11 52 9 17 8 77 36 53 67 67 74 61 51 81 14 3 3 21 30 31 93 74 99 94 45 25 42 5 25 90 94 38 55 94 11 74 34 19 24 7 97 29 43 36 92 29 44 9 63 48
14 87 88 75 56 21 32 53 15 47 97 52 28 29 93 1 7 13 5 9 10 76 56 71 53 32 65 36 84 91 7 81 68 33 19 89 80 73 38 16 73 87 11 33 33 35 45 49 59 53
80 67 32 63 53 65 68 94 91 1 47 46 93 19 82 17 19 44 16 8 23 82 2 8 78 14 39 89 6 84 54 51 13 87 98 54 97 59 8 54 36 71 3 28 3 54 52 96 4 71
16 93 69 53 59 49 92 62 20 9 100 9 1 13 25 66 45 60 96 27 88 6 71 63 93 49 56 2 88 66 28 100 19 46 30 24 99 5 96 27 23 8 28 60 14 68 66 13 16 80
53 80 98 78 93 86 12 24 3 23 77 64 98 56 96 1 28 25 13 16 86 79 38 64 21 49 37 52 84 58 57 66 26 19 71 100 97 94 93 66 70 92 82 37 40 8 41 63 12 69
19 30 70 1 53 26 32 61 52 87 94 42 3 1 78 51 35 89 4 4 61 12 70 19 99 27 34 97 30 88 21 86 66 15 96 43 23 96 73 95 49 89 63 52 73 68 28 37 58 39
87 54 99 14 56 39 2 13 12 50 11 82 30 63 17 5 13 30 27 59 22 5 13 60 4 69 66 68 34 97 77 89 29 89 11 19 41 53 84 47 39 72 17 81 34 57 39 65 26 69
67 75 4 74 17 57 21 38 98 30 42 88 27 44 14 26 11 37 85 8 58 53 52 85 48 43 80 92 30 56 80 9 2 26 56 31 10 8 84 84 92 37 83 16 23 22 6 54 72 60
52 99 95 47 38 2 2 95 54 30 65 16 62 19 90 27 6 26 79 64 2 35 29 29 17 7 98 48 44 68 90 47 23 59 73 66 50 56 70 72 42 36 2 70 49 72 17 88 59 54
0 57 37 0 98 99 66 63 63 36 72 1 96 61 91 29 52 12 76 98 96 10 73 4 0 20 4 16 12 39 51 78 59 2 32 60 4 28 40 32 69 23 57 53 55 74 31 4 33 48
14 19 55 33 72 21 43 82 4 29 49 94 90 6 26 82 88 80 82 41 32 95 84 61 22 20 49 40 74 62 54 81 6 23 5 42 50 75 42 17 45 32 37 79 6 4 43 50 7 23
28 29 16 80 88 73 93 31 55 72 94 60 36 72 60 81 29 43 11 60 72 2 20 2 10 86 92 35 33 88 1 38 18 57 41 20 13 6 87 17 40 32 13 97 43 8 76 65 70 27
100 68 42 11 82 53 49 93 42 26 64 65 86 4 53 67 5 82 43 65 77 99 76 40 12 92 77 69 92 9 73 36 60 35 12 12 19 41 41 79 9 23 79 21 29 89 12 25 18 28
10 75 48 91 79 27 8 60 71 18 29 72 25 20 42 67 84 77 86 7 68 50 97 62 39 57 20 38 23 29 11 5 28 13 12 91 65 63 57 57 36 51 48 63 75 96 46 84 66 69
47 51 62 66 53 27 7 41 95 90 40 38 9 56 74 37 32 98 3 26 38 14 99 18 54 87 27 65 72 99 33 82 99 2 98 91 56 86 1 47 96 91 7 22 83 10 44 14 71 92
41 13 77 38 83 78 57 47 37 97 92 81 1 74 12 53 4 12 26 86 39 55 74 97 41 82 77 92 72 11 27 30 59 6 61 8 40 93 79 38 61 86 58 10 18 97 28 10 86 3
44 89 76 94 57 28 56 32 68 90 16 16 15 12 85 4 99 79 95 55 82 2 24 93 94 48 41 1 40 35 50 39 97 92 30 83 6 31 75 3 56 50 26 43 71 29 19 12 55 99
12 59 43 54 51 3 83 13 47 9 46 24 78 38 24 32 57 2 26 62 88 82 68 45 82 76 97 55 9 28 68 79 48 86 12 49 53 41 2 97 4 17 81 76 29 2 5 21 30 95
73 29 85 78 24 45 45 79 46 84 51 82 18 94 47 49 66 61 97 77 41 30 78 27 15 91 18 44 2 33 74 87 99 46 40 86 56 53 86 81 48 52 37 69 98 47 35 10 69 10
85 100 49 1 1 71 54 47 61 72 85 96 43 64 37 13 35 89 10 53 77 0 73 69 37 40 46 19 88 91 13 5 99 4 56 42 12 33 18 9 57 80 53 94 87 73 37 42 10 12
90 71 37 97 100 80 12 100 6 9 19 50 70 27 0 4 19 90 57 12 52 91 65 52 98 41 22 22 30 5 82 83 65 12 78 98 39 24 46 20 100 30 17 17 82 39 63 87 53 32
52 10 29 44 50 15 64 21 26 85 31 45 16 98 58 23 83 84 97 20 55 44 72 76 100 47 7 32 47 42 4 23 8 94 91 53 7 98 23 31 40 47 98 34 36 58 57 17 32 61
52 88 93 93 73 71 43 82 29 22 42 48 47 2 5 2 7 63 64 17 31 94 88 72 57 5 58 68 33 23 31 8 35 49 26 11 32 78 66 71 14 81 23 37 87 61 17 59 19 80
62 18 75 76 43 83 99 8 41 18 10 43 46 29 43 32 90 95 72 78 53 96 7 97 3 89 43 64 20 94 31 66 65 70 66 90 53 34 64 57 67 60 26 55 51 43 67 62 83 0
14 62 22 68 42 13 48 72 14 24 89 99 31 75 39 48 63 59 68 99 76 22 98 61 19 88 60 82 57 89 16 89 52 91 12 33 93 82 8 27 33 100 78 65 93 61 13 67 100 13
18 46 21 98 56 25 44 52 72 6 36 58 28 15 82 100 80 58 69 12 70 98 67 31 36 0 90 36 87 34 66 49 72 16 25 16 64 12 90 75 10 35 68 33 61 79 100 24 54 47
31 28 12 76 18 44 9 44 13 73 14 48 28 91 8 73 12 16 25 32 75 8 30 92 78 84 85 95 61 51 93 6 17 93 82 73 16 21 18 14 0 70 25 27 34 19 92 63 80 88
57 82 10 14 16 54 98 90 81 75 51 68 52 82 8 56 91 46 49 13 27 90 96 83 84 97 40 62 87 38 89 32 36 32 7 35 50 88 18 91 57 53 36 59 86 23 32 84 14 95
62 66 26 28 78 14 13 63 96 28 58 67 76 94 39 57 54 72 3 89 42 32 51 45 23 36 20 45 9 17 35 71 76 88 5 6 95 60 4 93 73 42 12 73 39 69 98 1 70 92
85 80 36 48 70 58 9 36 76 47 81 95 27 26 32 6 6 47 83 64 25 73 72 47 66 31 5 76 86 12 94 11 69 63 42 87 12 12 29 25 18 31 91 85 10 30 48 74 21 2
100 10 36 64 32 94 46 56 75 81 43 26 5 56 65 88 30 28 67 25 5 20 71 55 17 73 33 19 6 38 61 58 34 84 40 71 83 67 30 10 65 99 52 90 35 77 92 19 73 19
47 87 48 31 9 15 92 89 93 12 83 77 65 24 40 8 70 95 21 26 40 21 38 24 56 90 4 16 96 25 80 65 0 61 65 3 29 87 55 22 100 29 82 83 4 100 90 90 0 65
78 41 81 93 74 66 43 69 65 71 25 48 63 72 16 3 94 10 11 39 17 68 70 36 0 90 83 47 47 8 68 54 22 51 87 8 99 77 80 24 19 65 32 81 1 37 13 88 94 20
90 20 94 96 34 20 3 19 34 6 9 17 79 32 97 58 41 53 87 58 92 8 84 79 77 64 26 76 29 48 81 86 39 82 59 16 79 21 25 92 75 100 37 18 5 48 34 92 19 27
