400 1
1370 
1312 
1597 
1592 
1561 
1778 
1577 
1727 
1631 
1517 
1646 
1630 
1577 
1740 
1448 
1587 
1460 
1572 
1824 
1487 
1402 
1746 
1396 
1759 
1594 
1562 
1564 
1467 
1745 
1294 
1476 
1507 
1481 
1467 
1409 
1439 
1808 
1572 
1283 
1410 
1574 
1479 
1514 
1496 
1369 
1778 
1775 
1383 
1441 
1745 
1348 
1558 
1723 
1540 
1775 
1733 
1646 
1641 
1842 
1578 
1442 
1449 
1515 
1470 
1583 
1556 
1443 
1494 
1576 
1316 
1876 
1897 
1278 
1282 
1395 
1506 
1733 
1885 
1874 
1948 
1790 
1623 
1639 
1656 
1921 
1579 
1727 
1389 
1307 
1545 
1606 
1629 
1618 
1691 
1578 
1595 
1622 
1719 
1716 
1351 
1330 
1799 
1708 
1480 
1485 
1603 
1568 
1577 
1804 
1469 
1562 
1447 
1695 
1783 
1515 
1448 
1774 
1409 
1347 
1533 
1537 
1789 
1361 
1604 
1523 
1661 
1542 
1656 
1583 
1356 
1478 
1350 
1425 
1821 
1934 
1408 
1424 
1694 
1435 
1652 
1735 
1674 
1774 
1573 
1399 
1625 
1625 
1300 
1386 
1568 
1913 
1340 
1695 
1465 
1787 
1434 
1483 
1471 
1481 
1385 
1673 
1537 
1743 
1686 
1615 
1777 
1577 
1224 
1725 
1550 
1440 
1940 
1576 
1563 
1531 
1584 
1436 
1892 
1616 
1427 
1614 
1537 
1483 
1771 
1814 
1594 
1469 
1413 
1941 
1538 
1493 
1675 
1591 
1536 
1818 
1787 
1396 
1275 
1796 
1291 
1505 
1675 
1761 
1818 
1353 
1491 
1738 
1910 
1861 
1580 
1678 
1536 
1787 
1505 
1539 
1507 
1590 
1826 
1670 
1681 
1444 
1555 
1600 
1350 
1367 
2081 
1625 
1691 
1396 
1558 
1540 
1632 
1539 
1667 
1951 
1491 
1580 
1463 
1358 
1710 
1563 
1741 
1479 
1565 
1610 
1782 
1645 
1454 
1631 
1583 
1744 
1733 
1614 
1438 
1595 
1648 
1501 
1697 
1467 
1531 
1607 
1415 
1493 
1413 
1979 
1699 
1814 
1651 
1645 
1559 
1504 
1561 
1815 
1458 
1690 
1724 
1621 
1510 
1753 
1390 
1578 
1202 
1279 
1663 
1668 
1303 
1497 
1672 
1502 
1385 
1652 
1432 
1819 
1581 
1626 
1556 
1618 
1406 
1588 
1557 
1670 
1729 
1817 
1383 
1555 
1575 
1254 
1560 
1737 
1516 
1565 
2196 
1554 
1559 
1557 
1376 
1660 
1605 
1771 
1649 
1656 
1429 
1412 
1462 
1583 
1659 
1495 
1905 
1662 
1513 
1662 
1594 
1586 
1741 
1557 
1507 
1617 
1739 
1654 
1806 
1676 
1289 
1494 
1557 
1582 
1758 
1774 
1574 
1658 
1604 
1523 
1666 
1382 
1802 
1372 
1719 
1217 
1743 
1721 
1393 
1538 
1521 
1531 
1543 
1341 
1666 
1400 
1596 
1564 
1648 
1564 
1556 
1411 
1436 
1173 
1357 
1598 
1766 
1604 
1642 
1326 
1318 
1486 
1497 
1566 
1648 
1393 
1642 
1587 
1522 
1760 
1494 
1549 
1730 
1625 
1415 
1501 
1660 
1693 
1583 
