2000 1
10975 
10766 
10112 
9611 
10150 
9380 
11043 
10230 
9934 
9911 
10586 
10247 
10077 
10794 
9636 
10063 
9550 
9592 
10259 
8541 
10327 
10317 
9052 
9877 
10560 
10345 
10182 
10031 
10803 
9339 
9530 
10431 
9616 
9985 
10019 
10611 
10289 
10386 
10294 
9711 
9887 
9646 
10107 
8738 
9112 
10210 
10652 
10710 
8534 
10071 
9299 
10149 
10490 
10886 
10033 
9168 
9578 
9939 
9379 
10979 
9858 
9860 
9466 
9335 
10036 
10110 
9801 
10138 
9140 
9915 
9968 
10528 
9775 
9669 
9866 
9178 
10094 
9254 
9223 
10641 
9642 
10020 
9540 
10896 
10965 
10933 
9385 
10002 
10297 
10324 
10210 
9920 
10248 
9444 
9528 
9459 
9620 
9932 
9775 
11089 
10256 
10159 
10565 
8857 
9678 
9515 
9574 
9837 
9958 
10402 
10068 
10371 
9510 
10603 
10993 
10480 
10726 
10653 
10333 
10026 
9155 
9580 
9887 
10152 
10040 
9886 
9888 
10005 
9803 
11099 
10431 
10499 
9960 
9945 
9571 
10481 
9996 
10507 
10202 
10450 
9473 
10354 
10327 
9974 
9595 
10148 
9372 
9733 
10110 
9720 
10589 
9986 
10210 
9802 
10338 
9498 
9895 
9373 
9806 
10069 
10014 
10107 
9227 
8929 
9011 
9818 
10262 
10467 
9843 
11032 
9399 
10182 
10979 
9008 
10228 
10251 
10051 
9852 
10425 
10108 
10113 
10400 
10983 
10103 
9367 
9553 
10342 
9944 
10153 
9173 
9364 
9252 
9667 
9536 
10248 
10190 
8992 
10688 
9558 
9259 
9662 
10557 
8926 
10371 
9729 
10048 
10790 
9200 
9989 
9824 
9304 
9966 
9601 
10221 
9274 
9952 
9362 
10053 
9992 
9748 
9644 
9966 
9673 
9761 
10250 
9547 
9369 
10689 
9396 
9462 
10306 
9939 
9931 
10169 
10008 
10393 
10329 
9859 
10128 
10278 
9682 
9899 
10407 
10413 
9805 
9700 
10390 
10232 
9401 
10597 
10194 
9987 
10031 
9879 
10798 
10019 
10169 
8803 
9846 
9753 
10272 
9377 
8957 
9480 
10261 
10441 
10310 
10069 
9951 
10143 
9859 
10080 
9883 
10194 
9831 
9677 
9287 
10243 
10511 
9041 
9950 
9690 
10158 
10413 
9914 
9212 
9572 
9521 
9928 
10082 
9892 
9492 
10164 
9599 
10136 
10286 
8805 
10183 
9564 
9574 
9313 
9515 
10413 
8979 
10585 
9775 
9513 
9232 
10227 
10241 
10700 
9664 
10539 
8767 
9920 
9156 
9963 
10292 
8978 
10105 
9850 
10227 
9519 
11096 
10469 
10136 
9660 
10081 
10153 
10656 
9760 
10570 
10102 
10049 
9738 
10249 
10614 
9987 
10096 
10025 
9619 
9368 
10059 
10735 
9882 
9718 
9933 
10257 
10991 
9881 
9929 
9738 
10645 
9975 
9269 
9843 
10726 
9046 
10692 
10346 
10264 
9341 
10059 
9756 
10663 
9827 
9793 
9966 
10322 
9993 
10446 
9754 
9802 
9832 
10549 
9487 
10300 
9465 
9379 
9412 
10961 
9769 
10791 
10235 
10702 
9749 
10110 
10150 
9780 
9185 
10229 
10127 
10094 
9221 
10173 
9091 
10287 
9727 
10785 
9868 
9829 
9202 
9254 
9771 
9080 
9576 
9990 
9281 
10867 
10758 
10073 
10062 
9986 
10367 
10442 
9597 
9759 
10438 
9755 
10417 
10177 
9562 
9843 
8661 
9994 
9046 
10657 
10097 
9919 
10563 
9585 
9622 
10794 
9827 
10215 
9849 
9645 
9639 
10794 
9934 
9797 
10634 
9241 
9749 
9246 
9454 
9803 
9571 
10653 
10108 
9955 
9888 
9052 
9767 
10081 
10055 
9315 
9244 
10230 
10228 
10488 
9893 
9274 
10029 
10125 
10911 
9611 
9166 
10684 
10233 
9126 
10185 
10452 
10418 
10578 
9420 
10287 
10421 
10871 
9943 
10338 
9883 
9548 
9824 
10436 
10387 
9802 
10165 
10301 
10071 
9494 
10506 
9742 
10156 
9345 
9836 
9431 
9926 
9627 
9993 
9747 
9950 
10323 
10037 
9426 
8922 
10136 
9542 
10285 
9899 
9444 
10410 
10465 
9107 
10352 
9572 
9519 
9678 
9438 
9906 
10801 
10449 
10796 
8972 
10394 
9406 
9811 
10196 
10078 
10006 
10051 
9847 
10107 
10962 
9584 
10813 
9912 
9900 
10454 
9252 
10462 
9129 
9912 
10876 
10846 
9778 
10380 
10151 
10582 
9910 
8952 
8984 
11065 
9606 
10593 
9804 
10454 
9231 
9705 
9696 
10167 
9740 
9679 
10167 
10258 
9406 
9595 
9282 
10053 
9938 
8755 
10310 
10525 
10151 
9126 
9771 
10323 
11161 
9539 
10450 
10545 
10285 
9627 
10058 
9468 
10272 
9254 
10538 
9876 
10906 
9269 
9422 
9511 
10111 
10275 
9531 
9684 
10408 
9669 
10166 
9742 
9819 
10492 
10895 
10040 
9888 
10322 
10042 
10143 
10783 
10179 
10233 
10137 
9863 
9606 
9551 
9631 
10186 
9205 
9297 
9212 
10385 
10440 
10285 
9944 
10333 
10266 
9419 
9972 
9687 
9610 
10633 
9593 
9995 
9586 
10184 
10598 
10336 
10132 
9884 
10146 
9910 
9538 
10124 
9305 
9621 
9610 
10943 
9768 
9687 
10049 
9772 
9703 
9407 
10949 
10474 
10249 
10179 
9755 
9917 
10449 
9752 
8924 
9736 
9782 
9823 
11090 
10659 
10597 
9989 
10295 
9686 
10541 
11066 
10053 
9751 
9437 
10158 
10405 
9864 
8902 
10087 
10165 
9830 
9867 
10327 
10999 
9378 
9801 
9928 
10485 
10508 
9952 
9933 
9472 
9815 
9559 
9842 
9074 
9202 
9486 
10407 
10080 
10104 
9053 
10327 
10305 
9287 
9204 
11128 
9589 
9457 
10144 
10829 
9651 
9147 
9968 
11006 
9637 
10902 
9478 
10646 
9473 
10750 
11092 
9935 
9575 
10147 
9422 
9852 
10422 
10424 
9684 
9739 
9012 
10000 
10389 
11140 
9059 
8970 
10302 
9288 
9541 
9670 
9842 
9733 
9690 
9507 
10516 
10726 
9406 
10283 
9876 
10242 
9162 
10009 
10150 
9535 
9490 
9717 
10128 
9384 
8936 
10578 
10611 
9541 
10230 
10201 
9860 
9515 
10021 
10316 
9883 
9478 
9313 
10092 
10984 
10888 
10800 
11219 
10855 
10707 
9191 
9737 
9345 
10140 
9725 
9596 
10228 
10131 
9421 
9862 
11108 
9785 
9862 
10200 
9615 
9878 
8530 
9366 
9840 
9473 
10678 
10865 
9511 
10421 
10726 
9892 
10123 
9786 
9707 
10332 
10175 
9854 
10017 
10522 
9242 
9916 
10318 
10088 
10035 
9866 
9766 
9654 
9360 
10240 
9454 
10230 
9875 
10123 
10584 
10401 
10046 
9931 
8591 
10056 
9543 
10594 
10440 
10323 
10377 
9489 
9311 
9957 
10599 
9556 
9709 
9229 
10134 
10501 
11168 
9271 
10123 
9944 
9572 
10400 
10021 
9820 
9783 
10159 
10188 
10404 
9697 
10083 
10583 
10477 
9775 
9845 
10705 
8719 
10441 
9768 
9675 
10010 
9420 
9845 
9661 
10339 
9631 
9634 
9868 
9554 
9737 
10027 
9978 
10203 
9769 
9363 
9424 
9354 
9946 
9854 
11074 
9790 
9532 
9892 
10380 
9635 
9975 
9630 
10864 
9638 
8898 
9788 
9702 
10046 
9967 
10103 
9335 
9216 
9819 
10796 
9409 
10584 
9834 
10095 
9988 
9830 
10323 
9822 
9553 
9881 
9967 
9147 
9152 
10172 
10473 
10545 
10438 
9922 
9987 
9482 
9807 
9996 
10288 
10059 
10019 
9917 
9896 
9928 
9657 
10176 
10005 
9854 
9740 
10335 
9745 
9849 
10747 
9448 
9676 
9799 
9981 
10626 
9627 
9931 
9660 
9620 
10426 
10463 
10469 
10168 
10116 
9331 
9690 
9684 
9665 
10353 
10600 
10040 
10032 
11585 
9885 
10595 
10635 
9596 
9507 
9741 
10487 
10502 
10182 
11217 
8507 
10696 
9530 
9912 
9197 
10826 
10036 
10249 
10128 
9651 
10223 
9963 
9930 
10370 
10549 
10710 
10449 
9552 
10418 
10178 
10206 
10123 
9451 
9936 
9745 
10840 
10052 
10026 
9148 
10060 
9350 
10960 
10103 
9873 
10364 
10119 
9119 
9889 
9518 
9340 
9522 
10015 
9908 
9438 
9617 
11674 
10943 
9830 
10469 
9258 
10782 
9698 
10155 
9244 
10191 
10649 
10147 
10385 
10294 
9305 
9841 
9901 
10233 
9894 
10143 
10717 
9847 
10215 
9881 
10099 
9596 
9846 
10281 
9639 
9734 
11081 
10612 
10262 
10370 
10059 
10477 
10045 
9758 
9784 
9418 
10608 
9985 
10236 
10516 
9926 
9608 
9781 
10350 
9371 
10323 
10177 
11161 
9733 
9369 
10061 
9576 
10397 
10287 
9969 
10853 
10704 
9869 
10174 
9543 
9400 
9854 
9063 
9724 
10553 
8942 
9713 
9036 
10119 
10324 
9902 
9777 
9577 
10815 
10480 
10227 
10379 
10412 
9480 
9841 
9321 
10789 
9652 
10721 
9779 
10266 
10440 
10455 
9731 
10194 
10240 
9143 
9122 
9431 
10779 
10335 
9379 
10245 
9546 
10005 
8621 
10266 
10613 
10013 
9665 
10720 
9920 
9945 
9935 
10174 
9603 
9796 
9874 
9622 
9591 
9613 
10045 
10228 
10814 
9926 
10764 
10379 
10056 
9196 
10446 
9292 
10328 
10429 
10166 
10008 
10211 
9751 
9619 
10008 
9848 
10802 
9649 
10390 
9743 
10351 
9538 
10628 
10030 
10452 
9951 
10285 
9626 
9719 
9021 
10157 
10046 
9194 
10159 
10336 
10749 
10033 
9945 
9935 
9738 
10162 
9914 
9933 
10308 
9744 
9114 
11000 
9432 
10074 
9473 
10911 
10874 
9593 
9324 
9971 
10622 
9922 
10250 
10407 
9643 
10202 
9740 
10494 
10857 
9131 
9464 
11179 
9563 
10642 
10032 
9703 
9344 
10222 
9869 
10360 
9575 
9342 
10805 
9760 
10281 
10092 
9773 
10192 
9535 
9535 
9896 
9444 
9789 
10091 
10050 
10054 
10747 
10896 
9700 
10894 
10206 
10035 
9317 
9637 
9945 
8975 
10871 
9236 
9801 
9666 
9034 
10539 
9987 
10558 
9985 
9901 
8828 
9636 
10144 
10077 
9477 
10115 
9593 
9586 
9799 
9929 
10018 
10497 
9276 
9844 
10442 
9688 
9430 
10043 
10136 
9673 
10250 
10267 
10359 
10005 
10356 
9311 
9141 
9922 
10193 
9422 
9900 
10580 
9974 
8892 
9756 
9749 
9936 
9260 
9731 
10712 
10166 
9322 
9710 
9934 
10012 
9656 
9656 
10132 
9291 
10119 
10229 
9959 
9227 
9669 
10520 
10243 
10431 
10095 
10764 
10424 
9278 
9706 
10733 
10686 
9361 
10970 
9271 
10827 
9321 
9001 
10090 
10192 
10199 
10119 
9657 
10153 
9580 
9965 
9851 
9870 
10152 
9856 
10590 
9516 
9370 
10370 
10656 
9719 
10416 
10259 
9997 
9381 
10312 
10315 
9229 
9087 
9115 
9975 
9961 
10422 
9263 
10377 
9525 
10389 
9498 
9632 
10536 
9907 
10188 
10227 
10261 
9364 
10009 
10383 
9371 
9652 
10529 
10434 
9844 
9393 
9587 
10052 
9468 
9429 
9654 
9935 
9937 
9668 
9915 
9832 
9930 
10276 
10401 
9261 
10265 
9547 
10468 
9658 
10424 
10371 
9308 
10102 
10731 
10245 
9755 
9345 
10166 
8929 
10187 
10680 
10075 
10438 
10008 
9652 
10457 
9678 
9758 
10423 
9342 
10166 
9711 
10375 
10044 
10319 
10081 
10030 
9790 
9593 
9250 
9895 
10463 
10941 
8887 
10232 
9846 
9978 
9690 
10329 
10208 
10408 
9455 
10136 
9867 
10407 
10204 
9545 
9880 
11245 
10188 
9156 
9964 
10429 
10180 
9744 
10348 
9792 
10227 
9985 
9590 
9327 
9750 
9926 
10129 
9553 
10090 
9046 
10145 
9638 
10386 
11253 
9897 
9438 
10427 
9944 
10097 
10005 
9558 
10289 
10147 
10136 
9873 
9365 
9457 
10345 
9962 
10053 
10812 
10169 
10890 
8192 
9718 
9174 
9853 
10592 
10193 
10525 
9982 
9457 
9844 
9602 
10514 
9951 
9596 
10647 
10432 
9419 
9434 
10136 
10257 
9068 
9448 
9875 
10138 
9971 
10228 
11306 
10028 
9138 
10245 
9892 
10484 
9887 
10132 
10139 
10091 
9611 
10038 
9999 
9840 
8947 
10262 
10069 
10916 
10639 
9939 
10118 
9138 
9450 
10056 
9578 
10980 
10234 
9980 
9747 
10123 
9292 
9863 
9874 
9490 
9755 
9225 
10854 
9984 
10572 
9912 
10419 
10253 
9897 
9840 
10417 
9746 
10176 
9097 
9190 
8673 
9887 
11269 
10299 
9897 
9611 
9604 
10975 
9838 
10152 
10301 
9866 
9684 
9094 
10344 
9546 
10180 
10444 
9658 
9500 
9514 
9903 
11134 
9590 
10590 
9926 
9846 
10316 
10998 
9188 
10225 
10469 
9823 
10033 
9975 
10545 
11000 
9733 
8759 
9076 
10337 
9585 
9960 
10710 
9640 
9303 
10140 
9079 
10148 
9260 
10024 
9927 
9592 
9904 
9441 
10242 
9401 
10703 
9494 
9615 
9608 
9808 
9419 
10737 
10313 
9828 
10553 
10015 
9355 
10465 
9471 
9602 
9474 
9500 
10003 
10623 
10617 
10657 
9789 
9999 
10202 
10203 
9716 
9940 
10147 
9681 
10269 
10223 
9944 
10391 
9650 
10478 
9181 
9225 
9953 
9875 
10046 
9685 
9005 
9985 
10341 
9725 
10472 
10068 
10943 
9456 
10974 
10164 
9844 
10589 
9186 
10195 
11004 
9634 
10171 
9988 
10127 
9751 
10091 
9567 
10397 
9690 
10325 
10071 
10074 
10514 
10127 
10913 
10414 
10535 
10274 
10241 
9429 
10759 
9518 
10325 
10420 
9595 
10292 
9748 
11198 
10118 
10719 
9704 
9972 
10013 
8949 
10481 
9483 
10074 
10092 
9620 
9784 
10119 
10078 
10994 
10188 
10437 
9868 
10471 
9303 
9682 
9772 
9971 
10767 
10540 
9550 
9442 
9811 
9644 
10636 
10298 
9776 
10329 
9731 
10558 
10611 
10503 
9255 
9829 
9784 
9816 
10218 
9838 
9886 
10022 
10218 
10269 
10222 
9962 
9977 
9858 
10656 
10605 
9963 
9725 
9734 
10674 
10009 
9777 
10055 
9398 
9472 
10247 
10679 
9598 
10177 
10638 
9849 
10137 
9807 
10384 
9933 
10095 
10159 
9895 
10404 
11128 
9888 
9125 
9913 
10501 
10624 
10512 
9820 
10059 
9498 
10282 
10503 
9848 
10324 
10416 
9952 
9977 
9574 
9884 
10451 
9892 
10704 
10256 
9865 
9795 
10343 
9728 
9823 
10167 
9737 
9575 
9637 
10182 
10499 
9585 
10055 
10477 
9959 
9865 
10075 
9471 
11266 
10193 
9805 
9536 
10008 
9509 
9655 
10738 
9927 
10809 
10211 
9813 
9862 
10020 
10398 
10566 
9896 
9770 
8669 
9933 
9759 
10151 
10117 
10151 
10301 
9542 
9470 
10403 
10341 
10085 
9322 
10229 
10380 
10456 
10462 
9680 
9297 
11029 
10661 
9457 
9725 
9866 
11405 
11046 
9645 
9635 
10235 
9796 
10354 
9947 
10666 
10198 
10795 
9753 
9859 
9329 
10025 
9485 
10387 
9926 
10225 
10219 
10559 
9330 
9863 
9428 
10845 
10509 
10916 
10267 
10865 
10133 
8511 
9681 
9433 
10554 
9719 
10239 
10007 
9415 
10196 
10815 
10792 
10620 
10578 
9479 
10406 
10260 
10853 
10404 
9546 
10828 
9964 
9621 
9057 
9697 
10434 
9774 
9652 
9631 
9641 
9086 
10766 
8909 
10193 
10318 
9884 
9462 
10908 
11479 
10359 
9947 
10170 
9513 
9396 
9832 
9356 
9526 
9938 
10995 
10339 
9178 
10013 
9326 
9959 
10406 
10289 
9208 
9948 
9917 
9840 
9732 
10369 
10554 
9687 
10372 
8704 
10350 
9482 
10605 
10045 
9630 
10312 
10715 
10663 
10400 
9413 
9637 
9506 
9137 
10080 
10063 
9719 
10461 
9802 
9669 
10502 
10073 
9391 
9719 
10362 
9889 
9544 
10355 
9642 
9086 
9870 
10066 
9861 
10025 
10674 
9659 
10910 
9947 
10037 
9912 
8944 
