-1.00000 -0.84147 0.54030
-0.98000 -0.83050 0.55702
-0.96000 -0.81919 0.57352
-0.94000 -0.80756 0.58979
-0.92000 -0.79560 0.60582
-0.90000 -0.78333 0.62161
-0.88000 -0.77074 0.63715
-0.86000 -0.75784 0.65244
-0.84000 -0.74464 0.66746
-0.82000 -0.73115 0.68222
-0.80000 -0.71736 0.69671
-0.78000 -0.70328 0.71091
-0.76000 -0.68892 0.72484
-0.74000 -0.67429 0.73847
-0.72000 -0.65938 0.75181
-0.70000 -0.64422 0.76484
-0.68000 -0.62879 0.77757
-0.66000 -0.61312 0.78999
-0.64000 -0.59720 0.80210
-0.62000 -0.58104 0.81388
-0.60000 -0.56464 0.82534
-0.58000 -0.54802 0.83646
-0.56000 -0.53119 0.84726
-0.54000 -0.51414 0.85771
-0.52000 -0.49688 0.86782
-0.50000 -0.47943 0.87758
-0.48000 -0.46178 0.88699
-0.46000 -0.44395 0.89605
-0.44000 -0.42594 0.90475
-0.42000 -0.40776 0.91309
-0.40000 -0.38942 0.92106
-0.38000 -0.37092 0.92866
-0.36000 -0.35227 0.93590
-0.34000 -0.33349 0.94275
-0.32000 -0.31457 0.94924
-0.30000 -0.29552 0.95534
-0.28000 -0.27636 0.96106
-0.26000 -0.25708 0.96639
-0.24000 -0.23770 0.97134
-0.22000 -0.21823 0.97590
-0.20000 -0.19867 0.98007
-0.18000 -0.17903 0.98384
-0.16000 -0.15932 0.98723
-0.14000 -0.13954 0.99022
-0.12000 -0.11971 0.99281
-0.10000 -0.09983 0.99500
-0.08000 -0.07991 0.99680
-0.06000 -0.05996 0.99820
-0.04000 -0.03999 0.99920
-0.02000 -0.02000 0.99980
0.00000 0.00000 1.00000
0.02000 0.02000 0.99980
0.04000 0.03999 0.99920
0.06000 0.05996 0.99820
0.08000 0.07991 0.99680
0.10000 0.09983 0.99500
0.12000 0.11971 0.99281
0.14000 0.13954 0.99022
0.16000 0.15932 0.98723
0.18000 0.17903 0.98384
0.20000 0.19867 0.98007
0.22000 0.21823 0.97590
0.24000 0.23770 0.97134
0.26000 0.25708 0.96639
0.28000 0.27636 0.96106
0.30000 0.29552 0.95534
0.32000 0.31457 0.94924
0.34000 0.33349 0.94275
0.36000 0.35227 0.93590
0.38000 0.37092 0.92866
0.40000 0.38942 0.92106
0.42000 0.40776 0.91309
0.44000 0.42594 0.90475
0.46000 0.44395 0.89605
0.48000 0.46178 0.88699
0.50000 0.47943 0.87758
0.52000 0.49688 0.86782
0.54000 0.51414 0.85771
0.56000 0.53119 0.84726
0.58000 0.54802 0.83646
0.60000 0.56464 0.82534
0.62000 0.58104 0.81388
0.64000 0.59720 0.80210
0.66000 0.61312 0.78999
0.68000 0.62879 0.77757
0.70000 0.64422 0.76484
0.72000 0.65938 0.75181
0.74000 0.67429 0.73847
0.76000 0.68892 0.72484
0.78000 0.70328 0.71091
0.80000 0.71736 0.69671
0.82000 0.73115 0.68222
0.84000 0.74464 0.66746
0.86000 0.75784 0.65244
0.88000 0.77074 0.63715
0.90000 0.78333 0.62161
0.92000 0.79560 0.60582
0.94000 0.80756 0.58979
0.96000 0.81919 0.57352
0.98000 0.83050 0.55702
